{
 "cells": [
  {
   "cell_type": "code",
   "execution_count": 1,
   "metadata": {},
   "outputs": [],
   "source": [
    "import os\n",
    "import sys\n",
    "sys.path.insert(0, os.path.abspath('../../cvxportfolio'))"
   ]
  },
  {
   "cell_type": "code",
   "execution_count": 2,
   "metadata": {},
   "outputs": [],
   "source": [
    "%matplotlib inline\n",
    "import numpy as np\n",
    "import pandas as pd\n",
    "import quandl\n",
    "\n",
    "import cvxportfolio as cp"
   ]
  },
  {
   "cell_type": "code",
   "execution_count": 3,
   "metadata": {},
   "outputs": [],
   "source": [
    "quandl.ApiConfig.api_key = '8wnB7EcvJm1xEvJjzWBR'"
   ]
  },
  {
   "cell_type": "markdown",
   "metadata": {},
   "source": [
    "### Download data "
   ]
  },
  {
   "cell_type": "code",
   "execution_count": 4,
   "metadata": {},
   "outputs": [],
   "source": [
    "tickers = ['AMZN', 'GOOGL', 'MCD', 'NKE']\n",
    "start_date='2016-01-01'\n",
    "end_date='2017-03-13'\n",
    "prices = pd.DataFrame(dict([(ticker, quandl.get('WIKI/'+ticker, \n",
    "                                    start_date=start_date, \n",
    "                                    end_date=end_date)['Adj. Close'])\n",
    "                for ticker in tickers]))\n",
    "\n",
    "returns=prices.pct_change()\n",
    "returns[[\"USDOLLAR\"]]=quandl.get('FRED/DTB3', start_date=start_date, end_date=end_date)/(250*100)\n",
    "returns = returns.fillna(method='ffill').iloc[1:]"
   ]
  },
  {
   "cell_type": "code",
   "execution_count": 5,
   "metadata": {},
   "outputs": [],
   "source": [
    "r_hat = returns.rolling(window=250, min_periods=250).mean().shift(1).dropna()\n",
    "Sigma_hat = returns.rolling(window=250, min_periods=250).cov().unstack().shift(1).stack()"
   ]
  },
  {
   "cell_type": "code",
   "execution_count": 6,
   "metadata": {},
   "outputs": [
    {
     "data": {
      "text/html": [
       "<div>\n",
       "<style scoped>\n",
       "    .dataframe tbody tr th:only-of-type {\n",
       "        vertical-align: middle;\n",
       "    }\n",
       "\n",
       "    .dataframe tbody tr th {\n",
       "        vertical-align: top;\n",
       "    }\n",
       "\n",
       "    .dataframe thead th {\n",
       "        text-align: right;\n",
       "    }\n",
       "</style>\n",
       "<table border=\"1\" class=\"dataframe\">\n",
       "  <thead>\n",
       "    <tr style=\"text-align: right;\">\n",
       "      <th></th>\n",
       "      <th></th>\n",
       "      <th>AMZN</th>\n",
       "      <th>GOOGL</th>\n",
       "      <th>MCD</th>\n",
       "      <th>NKE</th>\n",
       "      <th>USDOLLAR</th>\n",
       "    </tr>\n",
       "    <tr>\n",
       "      <th>Date</th>\n",
       "      <th></th>\n",
       "      <th></th>\n",
       "      <th></th>\n",
       "      <th></th>\n",
       "      <th></th>\n",
       "      <th></th>\n",
       "    </tr>\n",
       "  </thead>\n",
       "  <tbody>\n",
       "    <tr>\n",
       "      <th rowspan=\"5\" valign=\"top\">2016-12-30</th>\n",
       "      <th>AMZN</th>\n",
       "      <td>3.375380e-04</td>\n",
       "      <td>1.385427e-04</td>\n",
       "      <td>5.457935e-05</td>\n",
       "      <td>8.138472e-05</td>\n",
       "      <td>-2.618391e-09</td>\n",
       "    </tr>\n",
       "    <tr>\n",
       "      <th>GOOGL</th>\n",
       "      <td>1.385427e-04</td>\n",
       "      <td>1.589377e-04</td>\n",
       "      <td>4.715114e-05</td>\n",
       "      <td>8.499972e-05</td>\n",
       "      <td>1.995129e-09</td>\n",
       "    </tr>\n",
       "    <tr>\n",
       "      <th>MCD</th>\n",
       "      <td>5.457935e-05</td>\n",
       "      <td>4.715114e-05</td>\n",
       "      <td>9.191701e-05</td>\n",
       "      <td>4.942811e-05</td>\n",
       "      <td>2.667937e-09</td>\n",
       "    </tr>\n",
       "    <tr>\n",
       "      <th>NKE</th>\n",
       "      <td>8.138472e-05</td>\n",
       "      <td>8.499972e-05</td>\n",
       "      <td>4.942811e-05</td>\n",
       "      <td>1.991368e-04</td>\n",
       "      <td>1.694502e-09</td>\n",
       "    </tr>\n",
       "    <tr>\n",
       "      <th>USDOLLAR</th>\n",
       "      <td>-2.618391e-09</td>\n",
       "      <td>1.995129e-09</td>\n",
       "      <td>2.667937e-09</td>\n",
       "      <td>1.694502e-09</td>\n",
       "      <td>1.100055e-11</td>\n",
       "    </tr>\n",
       "    <tr>\n",
       "      <th rowspan=\"5\" valign=\"top\">2017-01-03</th>\n",
       "      <th>AMZN</th>\n",
       "      <td>3.391428e-04</td>\n",
       "      <td>1.397114e-04</td>\n",
       "      <td>5.565264e-05</td>\n",
       "      <td>8.205454e-05</td>\n",
       "      <td>-3.341861e-09</td>\n",
       "    </tr>\n",
       "    <tr>\n",
       "      <th>GOOGL</th>\n",
       "      <td>1.397114e-04</td>\n",
       "      <td>1.596192e-04</td>\n",
       "      <td>4.749664e-05</td>\n",
       "      <td>8.506013e-05</td>\n",
       "      <td>1.651918e-09</td>\n",
       "    </tr>\n",
       "    <tr>\n",
       "      <th>MCD</th>\n",
       "      <td>5.565264e-05</td>\n",
       "      <td>4.749664e-05</td>\n",
       "      <td>9.151305e-05</td>\n",
       "      <td>4.877680e-05</td>\n",
       "      <td>2.656464e-09</td>\n",
       "    </tr>\n",
       "    <tr>\n",
       "      <th>NKE</th>\n",
       "      <td>8.205454e-05</td>\n",
       "      <td>8.506013e-05</td>\n",
       "      <td>4.877680e-05</td>\n",
       "      <td>1.983391e-04</td>\n",
       "      <td>1.855445e-09</td>\n",
       "    </tr>\n",
       "    <tr>\n",
       "      <th>USDOLLAR</th>\n",
       "      <td>-3.341861e-09</td>\n",
       "      <td>1.651918e-09</td>\n",
       "      <td>2.656464e-09</td>\n",
       "      <td>1.855445e-09</td>\n",
       "      <td>1.112778e-11</td>\n",
       "    </tr>\n",
       "    <tr>\n",
       "      <th rowspan=\"5\" valign=\"top\">2017-01-04</th>\n",
       "      <th>AMZN</th>\n",
       "      <td>3.391858e-04</td>\n",
       "      <td>1.400050e-04</td>\n",
       "      <td>5.528289e-05</td>\n",
       "      <td>8.230176e-05</td>\n",
       "      <td>-3.244700e-09</td>\n",
       "    </tr>\n",
       "    <tr>\n",
       "      <th>GOOGL</th>\n",
       "      <td>1.400050e-04</td>\n",
       "      <td>1.610827e-04</td>\n",
       "      <td>4.604952e-05</td>\n",
       "      <td>8.669074e-05</td>\n",
       "      <td>2.255027e-09</td>\n",
       "    </tr>\n",
       "    <tr>\n",
       "      <th>MCD</th>\n",
       "      <td>5.528289e-05</td>\n",
       "      <td>4.604952e-05</td>\n",
       "      <td>9.254702e-05</td>\n",
       "      <td>4.676526e-05</td>\n",
       "      <td>1.941058e-09</td>\n",
       "    </tr>\n",
       "    <tr>\n",
       "      <th>NKE</th>\n",
       "      <td>8.230176e-05</td>\n",
       "      <td>8.669074e-05</td>\n",
       "      <td>4.676526e-05</td>\n",
       "      <td>1.997547e-04</td>\n",
       "      <td>2.407767e-09</td>\n",
       "    </tr>\n",
       "    <tr>\n",
       "      <th>USDOLLAR</th>\n",
       "      <td>-3.244700e-09</td>\n",
       "      <td>2.255027e-09</td>\n",
       "      <td>1.941058e-09</td>\n",
       "      <td>2.407767e-09</td>\n",
       "      <td>1.134064e-11</td>\n",
       "    </tr>\n",
       "    <tr>\n",
       "      <th rowspan=\"5\" valign=\"top\">2017-01-05</th>\n",
       "      <th>AMZN</th>\n",
       "      <td>3.328106e-04</td>\n",
       "      <td>1.360552e-04</td>\n",
       "      <td>5.150227e-05</td>\n",
       "      <td>7.840286e-05</td>\n",
       "      <td>-3.893774e-09</td>\n",
       "    </tr>\n",
       "    <tr>\n",
       "      <th>GOOGL</th>\n",
       "      <td>1.360552e-04</td>\n",
       "      <td>1.586706e-04</td>\n",
       "      <td>4.374995e-05</td>\n",
       "      <td>8.404909e-05</td>\n",
       "      <td>1.762606e-09</td>\n",
       "    </tr>\n",
       "    <tr>\n",
       "      <th>MCD</th>\n",
       "      <td>5.150227e-05</td>\n",
       "      <td>4.374995e-05</td>\n",
       "      <td>9.035714e-05</td>\n",
       "      <td>4.417748e-05</td>\n",
       "      <td>1.446054e-09</td>\n",
       "    </tr>\n",
       "    <tr>\n",
       "      <th>NKE</th>\n",
       "      <td>7.840286e-05</td>\n",
       "      <td>8.404909e-05</td>\n",
       "      <td>4.417748e-05</td>\n",
       "      <td>1.988282e-04</td>\n",
       "      <td>2.593105e-09</td>\n",
       "    </tr>\n",
       "    <tr>\n",
       "      <th>USDOLLAR</th>\n",
       "      <td>-3.893774e-09</td>\n",
       "      <td>1.762606e-09</td>\n",
       "      <td>1.446054e-09</td>\n",
       "      <td>2.593105e-09</td>\n",
       "      <td>1.150711e-11</td>\n",
       "    </tr>\n",
       "    <tr>\n",
       "      <th rowspan=\"5\" valign=\"top\">2017-01-06</th>\n",
       "      <th>AMZN</th>\n",
       "      <td>3.363085e-04</td>\n",
       "      <td>1.366277e-04</td>\n",
       "      <td>5.166603e-05</td>\n",
       "      <td>7.825035e-05</td>\n",
       "      <td>-3.043186e-09</td>\n",
       "    </tr>\n",
       "    <tr>\n",
       "      <th>GOOGL</th>\n",
       "      <td>1.366277e-04</td>\n",
       "      <td>1.580205e-04</td>\n",
       "      <td>4.368205e-05</td>\n",
       "      <td>8.314291e-05</td>\n",
       "      <td>1.672823e-09</td>\n",
       "    </tr>\n",
       "    <tr>\n",
       "      <th>MCD</th>\n",
       "      <td>5.166603e-05</td>\n",
       "      <td>4.368205e-05</td>\n",
       "      <td>9.035275e-05</td>\n",
       "      <td>4.405815e-05</td>\n",
       "      <td>1.456721e-09</td>\n",
       "    </tr>\n",
       "    <tr>\n",
       "      <th>NKE</th>\n",
       "      <td>7.825035e-05</td>\n",
       "      <td>8.314291e-05</td>\n",
       "      <td>4.405815e-05</td>\n",
       "      <td>1.977908e-04</td>\n",
       "      <td>2.284711e-09</td>\n",
       "    </tr>\n",
       "    <tr>\n",
       "      <th>USDOLLAR</th>\n",
       "      <td>-3.043186e-09</td>\n",
       "      <td>1.672823e-09</td>\n",
       "      <td>1.456721e-09</td>\n",
       "      <td>2.284711e-09</td>\n",
       "      <td>1.164344e-11</td>\n",
       "    </tr>\n",
       "    <tr>\n",
       "      <th rowspan=\"5\" valign=\"top\">2017-01-09</th>\n",
       "      <th>AMZN</th>\n",
       "      <td>3.366336e-04</td>\n",
       "      <td>1.375559e-04</td>\n",
       "      <td>5.163798e-05</td>\n",
       "      <td>7.869576e-05</td>\n",
       "      <td>-2.151637e-09</td>\n",
       "    </tr>\n",
       "    <tr>\n",
       "      <th>GOOGL</th>\n",
       "      <td>1.375559e-04</td>\n",
       "      <td>1.588371e-04</td>\n",
       "      <td>4.407953e-05</td>\n",
       "      <td>8.397354e-05</td>\n",
       "      <td>2.176507e-09</td>\n",
       "    </tr>\n",
       "    <tr>\n",
       "      <th>MCD</th>\n",
       "      <td>5.163798e-05</td>\n",
       "      <td>4.407953e-05</td>\n",
       "      <td>9.023077e-05</td>\n",
       "      <td>4.413460e-05</td>\n",
       "      <td>1.911629e-09</td>\n",
       "    </tr>\n",
       "    <tr>\n",
       "      <th>NKE</th>\n",
       "      <td>7.869576e-05</td>\n",
       "      <td>8.397354e-05</td>\n",
       "      <td>4.413460e-05</td>\n",
       "      <td>1.982950e-04</td>\n",
       "      <td>3.015036e-09</td>\n",
       "    </tr>\n",
       "    <tr>\n",
       "      <th>USDOLLAR</th>\n",
       "      <td>-2.151637e-09</td>\n",
       "      <td>2.176507e-09</td>\n",
       "      <td>1.911629e-09</td>\n",
       "      <td>3.015036e-09</td>\n",
       "      <td>1.181467e-11</td>\n",
       "    </tr>\n",
       "    <tr>\n",
       "      <th>...</th>\n",
       "      <th>...</th>\n",
       "      <td>...</td>\n",
       "      <td>...</td>\n",
       "      <td>...</td>\n",
       "      <td>...</td>\n",
       "      <td>...</td>\n",
       "    </tr>\n",
       "    <tr>\n",
       "      <th rowspan=\"5\" valign=\"top\">2017-03-06</th>\n",
       "      <th>AMZN</th>\n",
       "      <td>1.949340e-04</td>\n",
       "      <td>8.086907e-05</td>\n",
       "      <td>2.145621e-05</td>\n",
       "      <td>3.599387e-05</td>\n",
       "      <td>-3.616420e-09</td>\n",
       "    </tr>\n",
       "    <tr>\n",
       "      <th>GOOGL</th>\n",
       "      <td>8.086907e-05</td>\n",
       "      <td>1.106736e-04</td>\n",
       "      <td>1.868243e-05</td>\n",
       "      <td>4.779977e-05</td>\n",
       "      <td>1.247801e-09</td>\n",
       "    </tr>\n",
       "    <tr>\n",
       "      <th>MCD</th>\n",
       "      <td>2.145621e-05</td>\n",
       "      <td>1.868243e-05</td>\n",
       "      <td>7.062079e-05</td>\n",
       "      <td>2.334669e-05</td>\n",
       "      <td>2.870684e-09</td>\n",
       "    </tr>\n",
       "    <tr>\n",
       "      <th>NKE</th>\n",
       "      <td>3.599387e-05</td>\n",
       "      <td>4.779977e-05</td>\n",
       "      <td>2.334669e-05</td>\n",
       "      <td>1.535858e-04</td>\n",
       "      <td>4.249985e-09</td>\n",
       "    </tr>\n",
       "    <tr>\n",
       "      <th>USDOLLAR</th>\n",
       "      <td>-3.616420e-09</td>\n",
       "      <td>1.247801e-09</td>\n",
       "      <td>2.870684e-09</td>\n",
       "      <td>4.249985e-09</td>\n",
       "      <td>2.014411e-11</td>\n",
       "    </tr>\n",
       "    <tr>\n",
       "      <th rowspan=\"5\" valign=\"top\">2017-03-07</th>\n",
       "      <th>AMZN</th>\n",
       "      <td>1.949023e-04</td>\n",
       "      <td>8.094072e-05</td>\n",
       "      <td>2.170464e-05</td>\n",
       "      <td>3.620395e-05</td>\n",
       "      <td>-4.019167e-09</td>\n",
       "    </tr>\n",
       "    <tr>\n",
       "      <th>GOOGL</th>\n",
       "      <td>8.094072e-05</td>\n",
       "      <td>1.107066e-04</td>\n",
       "      <td>1.866488e-05</td>\n",
       "      <td>4.777420e-05</td>\n",
       "      <td>1.078647e-09</td>\n",
       "    </tr>\n",
       "    <tr>\n",
       "      <th>MCD</th>\n",
       "      <td>2.170464e-05</td>\n",
       "      <td>1.866488e-05</td>\n",
       "      <td>7.019143e-05</td>\n",
       "      <td>2.295370e-05</td>\n",
       "      <td>3.015390e-09</td>\n",
       "    </tr>\n",
       "    <tr>\n",
       "      <th>NKE</th>\n",
       "      <td>3.620395e-05</td>\n",
       "      <td>4.777420e-05</td>\n",
       "      <td>2.295370e-05</td>\n",
       "      <td>1.532288e-04</td>\n",
       "      <td>4.431713e-09</td>\n",
       "    </tr>\n",
       "    <tr>\n",
       "      <th>USDOLLAR</th>\n",
       "      <td>-4.019167e-09</td>\n",
       "      <td>1.078647e-09</td>\n",
       "      <td>3.015390e-09</td>\n",
       "      <td>4.431713e-09</td>\n",
       "      <td>2.100361e-11</td>\n",
       "    </tr>\n",
       "    <tr>\n",
       "      <th rowspan=\"5\" valign=\"top\">2017-03-08</th>\n",
       "      <th>AMZN</th>\n",
       "      <td>1.948863e-04</td>\n",
       "      <td>8.110497e-05</td>\n",
       "      <td>2.183105e-05</td>\n",
       "      <td>3.592809e-05</td>\n",
       "      <td>-4.202919e-09</td>\n",
       "    </tr>\n",
       "    <tr>\n",
       "      <th>GOOGL</th>\n",
       "      <td>8.110497e-05</td>\n",
       "      <td>1.097472e-04</td>\n",
       "      <td>1.803229e-05</td>\n",
       "      <td>4.929529e-05</td>\n",
       "      <td>1.473649e-09</td>\n",
       "    </tr>\n",
       "    <tr>\n",
       "      <th>MCD</th>\n",
       "      <td>2.183105e-05</td>\n",
       "      <td>1.803229e-05</td>\n",
       "      <td>6.980150e-05</td>\n",
       "      <td>2.393346e-05</td>\n",
       "      <td>3.101536e-09</td>\n",
       "    </tr>\n",
       "    <tr>\n",
       "      <th>NKE</th>\n",
       "      <td>3.592809e-05</td>\n",
       "      <td>4.929529e-05</td>\n",
       "      <td>2.393346e-05</td>\n",
       "      <td>1.508369e-04</td>\n",
       "      <td>3.954139e-09</td>\n",
       "    </tr>\n",
       "    <tr>\n",
       "      <th>USDOLLAR</th>\n",
       "      <td>-4.202919e-09</td>\n",
       "      <td>1.473649e-09</td>\n",
       "      <td>3.101536e-09</td>\n",
       "      <td>3.954139e-09</td>\n",
       "      <td>2.195910e-11</td>\n",
       "    </tr>\n",
       "    <tr>\n",
       "      <th rowspan=\"5\" valign=\"top\">2017-03-09</th>\n",
       "      <th>AMZN</th>\n",
       "      <td>1.949064e-04</td>\n",
       "      <td>8.123146e-05</td>\n",
       "      <td>2.185379e-05</td>\n",
       "      <td>3.602191e-05</td>\n",
       "      <td>-4.022137e-09</td>\n",
       "    </tr>\n",
       "    <tr>\n",
       "      <th>GOOGL</th>\n",
       "      <td>8.123146e-05</td>\n",
       "      <td>1.094678e-04</td>\n",
       "      <td>1.794597e-05</td>\n",
       "      <td>4.896134e-05</td>\n",
       "      <td>1.674320e-09</td>\n",
       "    </tr>\n",
       "    <tr>\n",
       "      <th>MCD</th>\n",
       "      <td>2.185379e-05</td>\n",
       "      <td>1.794597e-05</td>\n",
       "      <td>6.977828e-05</td>\n",
       "      <td>2.384239e-05</td>\n",
       "      <td>3.106215e-09</td>\n",
       "    </tr>\n",
       "    <tr>\n",
       "      <th>NKE</th>\n",
       "      <td>3.602191e-05</td>\n",
       "      <td>4.896134e-05</td>\n",
       "      <td>2.384239e-05</td>\n",
       "      <td>1.504803e-04</td>\n",
       "      <td>3.992716e-09</td>\n",
       "    </tr>\n",
       "    <tr>\n",
       "      <th>USDOLLAR</th>\n",
       "      <td>-4.022137e-09</td>\n",
       "      <td>1.674320e-09</td>\n",
       "      <td>3.106215e-09</td>\n",
       "      <td>3.992716e-09</td>\n",
       "      <td>2.276790e-11</td>\n",
       "    </tr>\n",
       "    <tr>\n",
       "      <th rowspan=\"5\" valign=\"top\">2017-03-10</th>\n",
       "      <th>AMZN</th>\n",
       "      <td>1.937014e-04</td>\n",
       "      <td>8.008733e-05</td>\n",
       "      <td>2.096861e-05</td>\n",
       "      <td>3.458238e-05</td>\n",
       "      <td>-3.833349e-09</td>\n",
       "    </tr>\n",
       "    <tr>\n",
       "      <th>GOOGL</th>\n",
       "      <td>8.008733e-05</td>\n",
       "      <td>1.084210e-04</td>\n",
       "      <td>1.709452e-05</td>\n",
       "      <td>4.754445e-05</td>\n",
       "      <td>2.035153e-09</td>\n",
       "    </tr>\n",
       "    <tr>\n",
       "      <th>MCD</th>\n",
       "      <td>2.096861e-05</td>\n",
       "      <td>1.709452e-05</td>\n",
       "      <td>6.913116e-05</td>\n",
       "      <td>2.279903e-05</td>\n",
       "      <td>3.194064e-09</td>\n",
       "    </tr>\n",
       "    <tr>\n",
       "      <th>NKE</th>\n",
       "      <td>3.458238e-05</td>\n",
       "      <td>4.754445e-05</td>\n",
       "      <td>2.279903e-05</td>\n",
       "      <td>1.488245e-04</td>\n",
       "      <td>3.987248e-09</td>\n",
       "    </tr>\n",
       "    <tr>\n",
       "      <th>USDOLLAR</th>\n",
       "      <td>-3.833349e-09</td>\n",
       "      <td>2.035153e-09</td>\n",
       "      <td>3.194064e-09</td>\n",
       "      <td>3.987248e-09</td>\n",
       "      <td>2.357435e-11</td>\n",
       "    </tr>\n",
       "    <tr>\n",
       "      <th rowspan=\"5\" valign=\"top\">2017-03-13</th>\n",
       "      <th>AMZN</th>\n",
       "      <td>1.936266e-04</td>\n",
       "      <td>7.992428e-05</td>\n",
       "      <td>2.077150e-05</td>\n",
       "      <td>3.432701e-05</td>\n",
       "      <td>-3.950661e-09</td>\n",
       "    </tr>\n",
       "    <tr>\n",
       "      <th>GOOGL</th>\n",
       "      <td>7.992428e-05</td>\n",
       "      <td>1.082967e-04</td>\n",
       "      <td>1.678672e-05</td>\n",
       "      <td>4.723836e-05</td>\n",
       "      <td>2.269217e-09</td>\n",
       "    </tr>\n",
       "    <tr>\n",
       "      <th>MCD</th>\n",
       "      <td>2.077150e-05</td>\n",
       "      <td>1.678672e-05</td>\n",
       "      <td>6.867592e-05</td>\n",
       "      <td>2.225816e-05</td>\n",
       "      <td>3.143458e-09</td>\n",
       "    </tr>\n",
       "    <tr>\n",
       "      <th>NKE</th>\n",
       "      <td>3.432701e-05</td>\n",
       "      <td>4.723836e-05</td>\n",
       "      <td>2.225816e-05</td>\n",
       "      <td>1.482243e-04</td>\n",
       "      <td>4.117995e-09</td>\n",
       "    </tr>\n",
       "    <tr>\n",
       "      <th>USDOLLAR</th>\n",
       "      <td>-3.950661e-09</td>\n",
       "      <td>2.269217e-09</td>\n",
       "      <td>3.143458e-09</td>\n",
       "      <td>4.117995e-09</td>\n",
       "      <td>2.442790e-11</td>\n",
       "    </tr>\n",
       "  </tbody>\n",
       "</table>\n",
       "<p>245 rows × 5 columns</p>\n",
       "</div>"
      ],
      "text/plain": [
       "                             AMZN         GOOGL           MCD           NKE  \\\n",
       "Date                                                                          \n",
       "2016-12-30 AMZN      3.375380e-04  1.385427e-04  5.457935e-05  8.138472e-05   \n",
       "           GOOGL     1.385427e-04  1.589377e-04  4.715114e-05  8.499972e-05   \n",
       "           MCD       5.457935e-05  4.715114e-05  9.191701e-05  4.942811e-05   \n",
       "           NKE       8.138472e-05  8.499972e-05  4.942811e-05  1.991368e-04   \n",
       "           USDOLLAR -2.618391e-09  1.995129e-09  2.667937e-09  1.694502e-09   \n",
       "2017-01-03 AMZN      3.391428e-04  1.397114e-04  5.565264e-05  8.205454e-05   \n",
       "           GOOGL     1.397114e-04  1.596192e-04  4.749664e-05  8.506013e-05   \n",
       "           MCD       5.565264e-05  4.749664e-05  9.151305e-05  4.877680e-05   \n",
       "           NKE       8.205454e-05  8.506013e-05  4.877680e-05  1.983391e-04   \n",
       "           USDOLLAR -3.341861e-09  1.651918e-09  2.656464e-09  1.855445e-09   \n",
       "2017-01-04 AMZN      3.391858e-04  1.400050e-04  5.528289e-05  8.230176e-05   \n",
       "           GOOGL     1.400050e-04  1.610827e-04  4.604952e-05  8.669074e-05   \n",
       "           MCD       5.528289e-05  4.604952e-05  9.254702e-05  4.676526e-05   \n",
       "           NKE       8.230176e-05  8.669074e-05  4.676526e-05  1.997547e-04   \n",
       "           USDOLLAR -3.244700e-09  2.255027e-09  1.941058e-09  2.407767e-09   \n",
       "2017-01-05 AMZN      3.328106e-04  1.360552e-04  5.150227e-05  7.840286e-05   \n",
       "           GOOGL     1.360552e-04  1.586706e-04  4.374995e-05  8.404909e-05   \n",
       "           MCD       5.150227e-05  4.374995e-05  9.035714e-05  4.417748e-05   \n",
       "           NKE       7.840286e-05  8.404909e-05  4.417748e-05  1.988282e-04   \n",
       "           USDOLLAR -3.893774e-09  1.762606e-09  1.446054e-09  2.593105e-09   \n",
       "2017-01-06 AMZN      3.363085e-04  1.366277e-04  5.166603e-05  7.825035e-05   \n",
       "           GOOGL     1.366277e-04  1.580205e-04  4.368205e-05  8.314291e-05   \n",
       "           MCD       5.166603e-05  4.368205e-05  9.035275e-05  4.405815e-05   \n",
       "           NKE       7.825035e-05  8.314291e-05  4.405815e-05  1.977908e-04   \n",
       "           USDOLLAR -3.043186e-09  1.672823e-09  1.456721e-09  2.284711e-09   \n",
       "2017-01-09 AMZN      3.366336e-04  1.375559e-04  5.163798e-05  7.869576e-05   \n",
       "           GOOGL     1.375559e-04  1.588371e-04  4.407953e-05  8.397354e-05   \n",
       "           MCD       5.163798e-05  4.407953e-05  9.023077e-05  4.413460e-05   \n",
       "           NKE       7.869576e-05  8.397354e-05  4.413460e-05  1.982950e-04   \n",
       "           USDOLLAR -2.151637e-09  2.176507e-09  1.911629e-09  3.015036e-09   \n",
       "...                           ...           ...           ...           ...   \n",
       "2017-03-06 AMZN      1.949340e-04  8.086907e-05  2.145621e-05  3.599387e-05   \n",
       "           GOOGL     8.086907e-05  1.106736e-04  1.868243e-05  4.779977e-05   \n",
       "           MCD       2.145621e-05  1.868243e-05  7.062079e-05  2.334669e-05   \n",
       "           NKE       3.599387e-05  4.779977e-05  2.334669e-05  1.535858e-04   \n",
       "           USDOLLAR -3.616420e-09  1.247801e-09  2.870684e-09  4.249985e-09   \n",
       "2017-03-07 AMZN      1.949023e-04  8.094072e-05  2.170464e-05  3.620395e-05   \n",
       "           GOOGL     8.094072e-05  1.107066e-04  1.866488e-05  4.777420e-05   \n",
       "           MCD       2.170464e-05  1.866488e-05  7.019143e-05  2.295370e-05   \n",
       "           NKE       3.620395e-05  4.777420e-05  2.295370e-05  1.532288e-04   \n",
       "           USDOLLAR -4.019167e-09  1.078647e-09  3.015390e-09  4.431713e-09   \n",
       "2017-03-08 AMZN      1.948863e-04  8.110497e-05  2.183105e-05  3.592809e-05   \n",
       "           GOOGL     8.110497e-05  1.097472e-04  1.803229e-05  4.929529e-05   \n",
       "           MCD       2.183105e-05  1.803229e-05  6.980150e-05  2.393346e-05   \n",
       "           NKE       3.592809e-05  4.929529e-05  2.393346e-05  1.508369e-04   \n",
       "           USDOLLAR -4.202919e-09  1.473649e-09  3.101536e-09  3.954139e-09   \n",
       "2017-03-09 AMZN      1.949064e-04  8.123146e-05  2.185379e-05  3.602191e-05   \n",
       "           GOOGL     8.123146e-05  1.094678e-04  1.794597e-05  4.896134e-05   \n",
       "           MCD       2.185379e-05  1.794597e-05  6.977828e-05  2.384239e-05   \n",
       "           NKE       3.602191e-05  4.896134e-05  2.384239e-05  1.504803e-04   \n",
       "           USDOLLAR -4.022137e-09  1.674320e-09  3.106215e-09  3.992716e-09   \n",
       "2017-03-10 AMZN      1.937014e-04  8.008733e-05  2.096861e-05  3.458238e-05   \n",
       "           GOOGL     8.008733e-05  1.084210e-04  1.709452e-05  4.754445e-05   \n",
       "           MCD       2.096861e-05  1.709452e-05  6.913116e-05  2.279903e-05   \n",
       "           NKE       3.458238e-05  4.754445e-05  2.279903e-05  1.488245e-04   \n",
       "           USDOLLAR -3.833349e-09  2.035153e-09  3.194064e-09  3.987248e-09   \n",
       "2017-03-13 AMZN      1.936266e-04  7.992428e-05  2.077150e-05  3.432701e-05   \n",
       "           GOOGL     7.992428e-05  1.082967e-04  1.678672e-05  4.723836e-05   \n",
       "           MCD       2.077150e-05  1.678672e-05  6.867592e-05  2.225816e-05   \n",
       "           NKE       3.432701e-05  4.723836e-05  2.225816e-05  1.482243e-04   \n",
       "           USDOLLAR -3.950661e-09  2.269217e-09  3.143458e-09  4.117995e-09   \n",
       "\n",
       "                         USDOLLAR  \n",
       "Date                               \n",
       "2016-12-30 AMZN     -2.618391e-09  \n",
       "           GOOGL     1.995129e-09  \n",
       "           MCD       2.667937e-09  \n",
       "           NKE       1.694502e-09  \n",
       "           USDOLLAR  1.100055e-11  \n",
       "2017-01-03 AMZN     -3.341861e-09  \n",
       "           GOOGL     1.651918e-09  \n",
       "           MCD       2.656464e-09  \n",
       "           NKE       1.855445e-09  \n",
       "           USDOLLAR  1.112778e-11  \n",
       "2017-01-04 AMZN     -3.244700e-09  \n",
       "           GOOGL     2.255027e-09  \n",
       "           MCD       1.941058e-09  \n",
       "           NKE       2.407767e-09  \n",
       "           USDOLLAR  1.134064e-11  \n",
       "2017-01-05 AMZN     -3.893774e-09  \n",
       "           GOOGL     1.762606e-09  \n",
       "           MCD       1.446054e-09  \n",
       "           NKE       2.593105e-09  \n",
       "           USDOLLAR  1.150711e-11  \n",
       "2017-01-06 AMZN     -3.043186e-09  \n",
       "           GOOGL     1.672823e-09  \n",
       "           MCD       1.456721e-09  \n",
       "           NKE       2.284711e-09  \n",
       "           USDOLLAR  1.164344e-11  \n",
       "2017-01-09 AMZN     -2.151637e-09  \n",
       "           GOOGL     2.176507e-09  \n",
       "           MCD       1.911629e-09  \n",
       "           NKE       3.015036e-09  \n",
       "           USDOLLAR  1.181467e-11  \n",
       "...                           ...  \n",
       "2017-03-06 AMZN     -3.616420e-09  \n",
       "           GOOGL     1.247801e-09  \n",
       "           MCD       2.870684e-09  \n",
       "           NKE       4.249985e-09  \n",
       "           USDOLLAR  2.014411e-11  \n",
       "2017-03-07 AMZN     -4.019167e-09  \n",
       "           GOOGL     1.078647e-09  \n",
       "           MCD       3.015390e-09  \n",
       "           NKE       4.431713e-09  \n",
       "           USDOLLAR  2.100361e-11  \n",
       "2017-03-08 AMZN     -4.202919e-09  \n",
       "           GOOGL     1.473649e-09  \n",
       "           MCD       3.101536e-09  \n",
       "           NKE       3.954139e-09  \n",
       "           USDOLLAR  2.195910e-11  \n",
       "2017-03-09 AMZN     -4.022137e-09  \n",
       "           GOOGL     1.674320e-09  \n",
       "           MCD       3.106215e-09  \n",
       "           NKE       3.992716e-09  \n",
       "           USDOLLAR  2.276790e-11  \n",
       "2017-03-10 AMZN     -3.833349e-09  \n",
       "           GOOGL     2.035153e-09  \n",
       "           MCD       3.194064e-09  \n",
       "           NKE       3.987248e-09  \n",
       "           USDOLLAR  2.357435e-11  \n",
       "2017-03-13 AMZN     -3.950661e-09  \n",
       "           GOOGL     2.269217e-09  \n",
       "           MCD       3.143458e-09  \n",
       "           NKE       4.117995e-09  \n",
       "           USDOLLAR  2.442790e-11  \n",
       "\n",
       "[245 rows x 5 columns]"
      ]
     },
     "execution_count": 6,
     "metadata": {},
     "output_type": "execute_result"
    }
   ],
   "source": [
    "Sigma_hat"
   ]
  },
  {
   "cell_type": "code",
   "execution_count": 7,
   "metadata": {},
   "outputs": [],
   "source": [
    "tcost_model=cp.TcostModel(half_spread=10E-4)\n",
    "hcost_model=cp.HcostModel(borrow_costs=1E-4)\n",
    "\n",
    "risk_model = cp.FullSigma(Sigma_hat)\n",
    "gamma_risk, gamma_trade, gamma_hold = 5., 1., 1.\n",
    "leverage_limit = cp.LeverageLimit(3)\n",
    "\n",
    "spo_policy = cp.SinglePeriodOpt(return_forecast=r_hat, \n",
    "                                costs=[gamma_risk*risk_model, gamma_trade*tcost_model, gamma_hold*hcost_model],\n",
    "                                constraints=[leverage_limit])"
   ]
  },
  {
   "cell_type": "markdown",
   "metadata": {},
   "source": [
    "### Compute optimal trades "
   ]
  },
  {
   "cell_type": "code",
   "execution_count": 8,
   "metadata": {},
   "outputs": [
    {
     "data": {
      "text/plain": [
       "AMZN     4.0\n",
       "GOOGL    0.0\n",
       "MCD      0.0\n",
       "NKE      0.0\n",
       "dtype: float64"
      ]
     },
     "execution_count": 8,
     "metadata": {},
     "output_type": "execute_result"
    }
   ],
   "source": [
    "current_portfolio=pd.Series(index=r_hat.columns,data=0)\n",
    "current_portfolio.USDOLLAR=10000\n",
    "\n",
    "shares_to_trade=spo_policy.get_rounded_trades(current_portfolio, prices, t=end_date)\n",
    "shares_to_trade"
   ]
  },
  {
   "cell_type": "code",
   "execution_count": 9,
   "metadata": {},
   "outputs": [
    {
     "data": {
      "text/plain": [
       "AMZN        3452.933557\n",
       "GOOGL          0.000037\n",
       "MCD            0.000034\n",
       "NKE            0.000019\n",
       "USDOLLAR   -3452.933647\n",
       "dtype: float64"
      ]
     },
     "execution_count": 9,
     "metadata": {},
     "output_type": "execute_result"
    }
   ],
   "source": [
    "spo_policy.get_trades(current_portfolio, t=end_date)"
   ]
  },
  {
   "cell_type": "markdown",
   "metadata": {},
   "source": [
    "#### Export to Excel file "
   ]
  },
  {
   "cell_type": "code",
   "execution_count": 10,
   "metadata": {},
   "outputs": [],
   "source": [
    "pd.DataFrame({pd.datetime.today().date().__str__():shares_to_trade}).to_excel('shares_to_trade.xls')"
   ]
  }
 ],
 "metadata": {
  "kernelspec": {
   "display_name": "Python 3",
   "language": "python",
   "name": "python3"
  },
  "language_info": {
   "codemirror_mode": {
    "name": "ipython",
    "version": 3
   },
   "file_extension": ".py",
   "mimetype": "text/x-python",
   "name": "python",
   "nbconvert_exporter": "python",
   "pygments_lexer": "ipython3",
   "version": "3.6.3"
  }
 },
 "nbformat": 4,
 "nbformat_minor": 1
}
